start=1313.105000
volume=65.000000
fullscreen=yes
