start=4416.162000
pause=yes
volume=134.000000
aid=1
sid=1
