start=1363.404000
volume=110.000000
