start=1265.639000
volume=105.000000
fullscreen=yes
aid=2
sid=no
