start=1284.366000
volume=95.000000
fullscreen=yes
aid=2
sid=no
