start=863.530196
pause=yes
volume=40.000000
