start=1315.858000
volume=95.000000
fullscreen=yes
