start=3528.900000
volume=85.000000
fullscreen=yes
