start=1422.212000
pause=yes
volume=85.000000
aid=2
sid=no
