start=797.763633
pause=yes
volume=140.000000
