start=1368.743000
volume=110.000000
fullscreen=yes
aid=2
sid=4
