start=1434.058000
pause=yes
volume=98.000000
