start=1316.984000
volume=85.000000
