start=395.562000
pause=yes
volume=104.000000
contrast=-1
