start=1389.388000
volume=95.000000
aid=2
sid=no
